Q1: 4154 2931 2675 1809 2941 2110 91 1058 3689 2663 
Q2: 2003 1227 2369 3456 934 2828 988 3306 1332 2792 
Q3: 2857 2352 2208 1994 852 3372 147 4227 4660 182 
Q4: 4546 866 1692 4979 4825 3817 1610 3560 4897 4253 
Q5: 2666 117 1897 3883 2860 4288 3532 3113 880 2389 
Q6: 3028 672 2352 1854 1254 4066 1666 4570 2784 2989 
Q7: 2792 1372 2861 1994 4356 2419 3838 866 852 2942 
Q8: 4147 4256 250 4012 1505 1421 3196 3348 3704 2126 
Q9: 3647 3372 1592 781 1542 837 4568 871 1175 3953 
Q10: 3838 1994 2352 1239 943 2999 3177 4276 2435 2934 
Q11: 988 3372 852 1506 1367 1439 4227 2268 2942 3089 
Q12: 3166 1002 747 3307 291 4325 3896 73 92 378 
Q13: 2214 330 4764 182 4846 2832 86 4214 3458 1775 
Q14: 503 1485 3514 2352 4154 3631 2989 1179 1038 4279 
Q15: 4990 1561 4153 4055 1144 1592 1968 1423 3754 456 
Q16: 2 1807 4508 1391 1461 3801 1646 2769 2956 4571 
Q17: 4599 182 2832 2939 882 422 307 1367 137 4536 
Q18: 1137 3658 4795 4421 1507 4332 2935 3512 2946 2288 
Q19: 2352 3177 4077 2934 672 1090 1994 3458 3631 3154 
Q20: 988 1994 829 2352 362 852 3991 1367 2620 137 
