Q1: 2941 2931 2663 4154 2138 2815 700 2654 4700 3931 
Q2: 2003 1227 2369 2828 3456 839 934 1332 3875 988 
Q3: 2857 4083 2353 2208 463 3493 2726 2352 1501 2088 
Q4: 916 2900 1268 4499 4394 2565 4768 626 3977 1280 
Q5: 2666 117 1897 4288 3532 3883 2860 3113 880 2389 
Q6: 672 1854 3028 2352 1048 1254 2213 391 3194 4066 
Q7: 2792 1044 1754 298 1598 378 2679 3362 4356 280 
Q8: 1374 4147 1505 4012 4256 250 2126 1421 3196 3434 
Q9: 3647 2094 3525 2960 4689 837 2158 4836 2916 2840 
Q10: 3856 3113 792 672 241 2619 110 1132 2433 4276 
Q11: 643 988 961 4296 1332 79 4387 1506 1987 2611 
Q12: 3166 1002 747 291 3307 3896 4762 4297 4325 810 
Q13: 86 1035 4764 2214 4948 330 2125 4208 3149 3944 
Q14: 1411 3504 4084 3514 3631 2815 1485 1468 2941 503 
Q15: 1697 456 3856 1561 143 468 3917 445 2331 4153 
Q16: 2 4394 1524 2318 3801 261 1646 4470 4948 2673 
Q17: 2296 79 4293 4572 2939 3543 2353 3308 3477 3727 
Q18: 1137 4431 435 457 4332 4048 3658 4421 3825 3366 
Q19: 672 3113 3521 2715 4077 1949 56 1454 2066 709 
Q20: 362 3493 4387 988 1332 4340 1468 1568 709 829 
