Q1: 2403 2120 4154 4566 700 3721 308 2675 4413 2941 
Q2: 2003 1227 2369 961 988 852 839 934 3875 1270 
Q3: 2857 2726 3483 137 1987 2208 852 4660 4227 2353 
Q4: 4768 916 4277 721 2099 2479 454 4394 2715 4087 
Q5: 2666 117 2711 4980 4288 443 2620 279 3446 787 
Q6: 3370 1854 1107 672 4995 2788 1482 3530 2352 2656 
Q7: 2792 3362 298 1024 1044 1598 280 2828 2429 4896 
Q8: 2126 4147 4989 3434 251 3372 1242 4012 1197 3655 
Q9: 1525 1095 3647 3525 656 206 1971 690 2158 3949 
Q10: 3113 843 1132 943 3521 4948 1087 2131 908 792 
Q11: 988 961 4296 852 298 2611 2369 1987 3211 4943 
Q12: 4325 3307 810 4282 3984 3166 416 507 3845 4448 
Q13: 3807 1679 4666 4764 3149 4208 1996 4135 3693 4846 
Q14: 2529 843 1411 1425 4279 4605 4805 4962 981 3682 
Q15: 456 2216 3899 3332 2311 4990 4798 4528 1850 1697 
Q16: 2 4394 261 1807 712 483 3801 830 2323 3970 
Q17: 2857 79 2296 4293 4572 4012 137 522 422 3089 
Q18: 457 4170 4431 2946 4949 1501 1605 1938 4048 1958 
Q19: 672 709 1243 4998 2715 1090 1425 4077 2826 3521 
Q20: 362 457 988 4995 2074 4340 4973 2666 2352 437 
