Q1: 2403 2368 4937 2941 3689 4154 3141 848 4700 2962 
Q2: 3875 2003 839 1227 1052 934 4382 3154 864 2369 
Q3: 2726 2857 907 79 3483 4928 2508 3298 206 2970 
Q4: 3147 4624 2989 2349 2900 1076 2066 412 4004 626 
Q5: 2666 241 1897 4288 4980 4035 1436 1423 986 2206 
Q6: 4429 2488 1107 3836 1412 608 4224 1194 2987 2699 
Q7: 3791 3362 3775 4137 4387 4710 4011 622 3141 1623 
Q8: 1242 3345 3704 3853 256 4505 997 2402 3111 251 
Q9: 3457 2064 4216 3663 3132 2125 1095 4103 4798 217 
Q10: 3113 4859 4919 3458 1796 3504 3141 3186 1598 672 
Q11: 643 4387 988 1332 3483 4536 907 4227 852 79 
Q12: 4325 291 2606 873 2244 3479 3166 3067 1003 3372 
Q13: 2559 847 3111 4505 1031 2299 2566 4848 3640 2763 
Q14: 3504 4919 2815 1963 2998 1083 4552 4948 3521 4040 
Q15: 4990 2719 5013 2862 3132 235 4790 4528 1945 3421 
Q16: 1690 2 19 3373 485 2561 4236 2550 2460 903 
Q17: 2890 2296 1373 4536 3308 3493 611 1576 1227 4648 
Q18: 89 3890 1459 907 2554 1501 338 2080 4152 4332 
Q19: 672 3113 4836 4859 3458 2125 1598 3055 3620 4267 
Q20: 2080 4340 3141 1487 338 3588 694 3802 2522 1332 
Q1: 2403 4937 2962 1963 4154 1900 1796 848 4700 315 
Q2: 839 3875 991 2003 934 4469 1270 1227 4382 3211 
Q3: 2857 4147 679 2726 3216 4083 4234 79 855 3358 
Q4: 916 626 4441 1297 2565 1412 4084 2715 183 1415 
Q5: 2666 1897 3810 4288 438 2109 4189 852 3783 3521 
Q6: 2488 3017 2066 139 4021 3083 2109 1107 19 709 
Q7: 298 1182 3362 330 852 1044 2792 1623 2611 988 
Q8: 3434 2402 4271 2478 1031 1242 4882 3704 847 79 
Q9: 672 2125 1095 2529 1536 2626 691 3457 264 3447 
Q10: 3186 1854 4859 709 672 2960 4919 3141 507 3504 
Q11: 961 2286 1332 988 298 2611 4901 643 4387 338 
Q12: 374 4189 291 2110 4325 1937 873 4755 4557 1426 
Q13: 4505 1862 1241 4884 3458 1115 2559 3052 3973 4813 
Q14: 3504 4919 2529 3521 672 1963 4948 3093 4552 2486 
Q15: 3421 4372 429 395 3782 3081 4587 2673 4712 2719 
Q16: 1690 3373 19 3982 4236 2561 2 436 1198 4303 
Q17: 1444 3308 4536 2296 2611 868 522 1493 611 2080 
Q18: 2997 1459 4083 4170 4074 1612 1888 2669 4097 4431 
Q19: 672 709 1688 1482 4859 4998 241 2125 3765 3055 
Q20: 362 280 4340 2074 694 338 298 3695 3802 2044 
