Q1: 3141 4893 1210 4992 775 3 4223 4845 2894 591 
Q2: 1871 2533 4461 3884 2781 4353 2490 4393 1759 836 
Q3: 291 4214 24 2215 376 3154 1328 2661 3857 4122 
Q4: 2285 892 770 4148 1946 297 3398 1048 3335 3742 
Q5: 3156 248 1657 1474 3219 1823 1755 1818 603 4676 
Q6: 3889 1031 3379 4590 4218 4583 2298 1872 4462 4075 
Q7: 3259 819 2503 4996 1470 1547 2272 3161 3065 484 
Q8: 2089 949 4749 591 3503 4527 4623 2419 2324 3211 
Q9: 3219 453 792 1409 219 1004 2022 1474 2552 1506 
Q10: 3860 3447 3231 3550 2183 3323 4686 253 2295 117 
Q11: 1518 4991 2254 579 2976 3014 1226 164 416 1756 
Q12: 3543 3485 722 573 1353 3151 3578 3762 1052 211 
Q13: 653 2098 2593 3676 752 1625 1291 97 949 4140 
Q14: 1038 1682 2033 2194 1919 3514 1095 4700 1486 4167 
Q15: 1662 2669 822 2023 1515 854 4679 2369 1533 3332 
Q16: 2 1906 3029 3306 4403 1412 2529 3727 1987 3622 
Q17: 1419 3800 5007 4419 4992 2006 3084 2134 166 232 
Q18: 3168 4040 1881 1517 1180 972 2117 2498 2749 4320 
Q19: 3862 4695 694 3688 4441 2348 4348 624 611 4904 
Q20: 2921 3770 1213 2173 272 769 1481 4099 437 4349 
