Q1: 3141 1210 775 4893 4992 3 4223 4845 766 2894 
Q2: 1871 2533 2781 4461 3884 4393 2490 2468 4353 1759 
Q3: 291 4214 376 2215 3857 3154 3627 4009 3926 2661 
Q4: 2285 892 770 4148 4850 3398 1946 3335 297 1889 
Q5: 2850 3156 248 1621 1657 1474 4280 2666 3219 1818 
Q6: 1031 3379 3889 4590 421 4583 4029 4218 4462 1872 
Q7: 3259 2272 819 2503 1547 4996 1470 3161 3065 484 
Q8: 949 2089 4749 4527 3503 591 2653 4623 3211 2419 
Q9: 3219 1409 1474 1186 219 2022 792 1004 4262 2458 
Q10: 3860 3550 3231 2183 4300 4686 3447 3183 117 1817 
Q11: 416 1518 4991 2254 579 164 2976 1226 4313 1756 
Q12: 3543 722 573 3485 1353 1026 3151 3578 4046 3762 
Q13: 653 2098 2593 3676 752 1625 97 1291 4140 949 
Q14: 1682 1038 2033 2194 1919 1095 3514 4700 1486 3008 
Q15: 2669 1662 4679 854 2369 3332 822 2023 1515 1221 
Q16: 2 1987 3622 1412 2168 4835 4399 1331 4403 4886 
Q17: 1419 2982 2134 3084 2224 4992 166 3800 2058 2006 
Q18: 3168 4040 1180 1517 1363 1881 2498 4320 2117 972 
Q19: 3862 4695 3688 4348 4441 2563 624 611 4282 694 
Q20: 1213 3770 272 2173 2921 769 2690 233 2315 170 
