Q1: 3141 1860 775 1210 2403 4992 4893 3 766 4223 
Q2: 2533 2901 3955 662 4171 2988 2781 1377 977 2749 
Q3: 291 4214 376 3926 3857 65 24 3005 3154 4331 
Q4: 2285 3090 770 892 2199 2156 845 3950 3716 4850 
Q5: 2850 2666 4280 1621 2995 3766 1186 45 958 4098 
Q6: 1031 3379 3889 4590 421 4029 4218 4583 4462 1872 
Q7: 3259 2272 819 1547 2503 4996 1470 3161 3065 280 
Q8: 2089 949 4256 4527 2653 3827 200 4749 86 1130 
Q9: 1186 4262 399 4493 1301 2900 2458 1474 2039 4550 
Q10: 3206 1936 1994 414 1149 1420 181 4506 2295 4677 
Q11: 416 4991 164 2976 1518 2254 3014 579 2465 1226 
Q12: 161 687 1026 1127 4046 3726 4 510 2991 212 
Q13: 653 2098 2593 1625 3676 752 86 2008 4140 200 
Q14: 1682 1038 2033 3917 4120 1838 1919 4774 1701 2194 
Q15: 2669 1662 2834 3332 4679 1221 2369 3579 854 2096 
Q16: 2 1987 3114 3622 2168 1808 1331 4835 1412 2245 
Q17: 1419 1525 2006 4796 1266 4937 5007 3800 5017 2224 
Q18: 3168 1363 4040 4036 4437 3413 1180 2709 1517 2117 
Q19: 3862 694 4695 3688 1847 2563 4348 2680 611 4904 
Q20: 769 2315 233 272 3770 2690 1213 2173 2921 170 
